   -0.950435
 -0.00863344
    0.262203
 -0.00367473
    0.380916
    0.127026
    0.384293
   0.0362004
   -0.405809
    0.626088
-0.000599971
   -0.640763
  -0.0272352
   0.0345339
   -0.953132
    0.534212
   -0.257391
  0.00180767
   0.0852509
 0.000280126
  -0.0590057
   0.0644075
-0.000245688
    0.555189
   0.0945322
   -0.154362
   -0.747369
   -0.269947
   -0.751925
  -0.0798491
   -0.645986
   -0.116163
 -0.00150106
  -0.0111803
     0.52713
    0.279401
   0.0155131
    0.517459
    0.171481
   0.0208597
 -0.00159375
   -0.952485
    0.359356
    0.741229
-0.000896375
   -0.120339
    0.628191
    0.409473
   -0.270553
 0.000435885
   0.0515055
  0.00544958
   0.0136577
-0.000642875
   0.0629403
-0.000804672
    0.890135
   -0.876838
 -0.00152932
-0.000272609
    0.160262
   -0.165827
  -0.0981234
  -0.0178107
   0.0166899
    0.116327
  0.00247924
   -0.939277
  -0.0824714
   -0.466838
    0.601596
   0.0107032
   -0.949779
  -0.0135266
    0.123976
   -0.812269
    0.845474
   -0.692411
    0.282867
   0.0203706
   -0.892602
 0.000455254
   0.0129152
   -0.469211
    0.914328
    0.636637
    0.910032
-0.000415486
  -0.0486686
   -0.445323
  -0.0872012
   -0.048445
   -0.135464
    0.478837
 -0.00143717
   -0.950254
   0.0521442
 0.000354186
-0.000404308
   0.0552202
     0.22872
    0.616036
   -0.150287
-0.000769441
  -0.0908893
   -0.240347
  -0.0110895
    0.133994
   0.0924495
   -0.947108
   0.0897762
   0.0509112
   -0.226023
   -0.090475
    0.642565
   0.0167972
    0.604458
    0.536821
    0.476662
    0.110399
   0.0176393
   0.0705058
    0.237191
 0.000791346
-4.23426e-05
  -0.0912299
    0.727607
   0.0237682
 -0.00084769
    0.190393
    0.893014
   -0.924307
-0.000406801
    0.191554
  0.00422259
-0.000846513
-0.000322331
   0.0155469
-0.000103795
   0.0356491
   -0.901966
   0.0686616
   0.0202922
  -0.0916109
 -0.00126369
    0.198608
 -0.00265097
      -0.247
  -0.0238566
-0.000113388
   -0.905059
   0.0173441
-0.000802916
    0.640354
 -0.00620008
   -0.026193
    0.410567
   -0.630583
    0.216843
    -0.46464
  0.00215262
    0.483291
 -0.00144644
  -0.0865005
   0.0376108
  0.00251669
   -0.304939
    0.375744
    0.221027
   0.0403845
 0.000816432
 0.000191428
    0.383823
   0.0703848
-0.000425743
  -0.0572105
   -0.126731
    0.250003
    0.377005
-0.000939825
   -0.745168
   -0.451695
   0.0784627
      0.2053
    0.226459
 0.000651528
    0.418793
   -0.643194
 -0.00152322
   -0.125061
    0.464352
  0.00246798
   0.0517232
 -0.00869571
  -0.0907837
   -0.199728
   -0.102125
  -0.0257327
   0.0991625
  -0.0306565
   -0.947582
    0.519924
    0.297308
  -0.0196365
 -0.00244702
   -0.303982
    0.375985
     0.33038
   -0.630421
    0.913067
   -0.918988
    0.426573
   -0.903057
    0.553533
   -0.126736
    0.377017
   -0.188895
  0.00163409
   0.0956406
    0.015866
 -0.00190729
-0.000424892
  0.00199267
   -0.019741
   -0.767243
    0.185118
 0.000642115
    0.106386
-0.000161726
   -0.300774
    0.913978
  0.00183416
   -0.599601
    0.190166
  -0.0716051
-4.44275e-09
   0.0152921
    0.070345
 9.89839e-05
   0.0198264
  0.00636501
    0.415565
   0.0176803
   0.0023574
  0.00144693
    0.871271
    0.363039
   0.0969492
   -0.193005
  0.00247871
   -0.792956
  0.00080957
     0.79678
    0.584506
   -0.559363
-0.000255304
   -0.570264
   -0.845865
    0.236836
    0.696616
    0.142436
  0.00413226
   -0.216377
    0.114201
   0.0174257
 -0.00707966
   0.0114939
  -0.0105565
    0.639683
    0.263491
    0.642449
    0.723281
   -0.949495
    0.758022
   -0.952029
   0.0910576
   -0.592345
   0.0209468
  -0.0106288
    0.733378
 -0.00880953
  0.00449967
     0.18773
 -0.00155112
   0.0265218
 -0.00155239
    0.890184
 0.000378704
    0.306807
    0.159215
-0.000358205
  -0.0400682
   -0.770534
-0.000837135
    -0.95313
 -0.00163173
   0.0312226
  -0.0721649
    0.408673
-0.000417762
