   -0.949478
 0.000567355
    0.262867
  0.00399576
    0.380022
    0.126763
     0.38369
   0.0356869
   -0.406551
    0.626152
   0.0002963
   -0.643084
  -0.0274339
   0.0341622
   -0.952168
    0.535308
   -0.257341
  0.00268158
   0.0821873
 -0.00564882
  -0.0579438
   0.0641446
  0.00553079
    0.556049
   0.0972518
   -0.154063
   -0.749676
   -0.270527
   -0.753345
  -0.0796181
   -0.643325
   -0.115901
 -0.00131057
  -0.0108922
    0.527457
    0.279424
   0.0148369
    0.518105
    0.170821
   0.0201623
  -0.0099795
   -0.951699
    0.359715
    0.740923
 -0.00114112
   -0.120411
    0.628105
    0.408296
    -0.27012
  0.00419176
   0.0471979
  0.00564381
   0.0143162
 -0.00933968
   0.0583294
 -0.00166174
    0.890185
   -0.878929
 -0.00154304
  0.00581361
    0.158928
   -0.165311
  -0.0971661
  -0.0132781
   0.0167816
     0.11679
 -0.00279605
   -0.938557
  -0.0825699
    -0.46376
    0.597527
   0.0139384
    -0.94942
 -0.00295606
    0.123543
   -0.811466
    0.876966
   -0.699953
    0.217779
   0.0198189
   -0.895449
  0.00135002
   0.0137269
   -0.465478
    0.945057
    0.635162
     0.94618
  0.00702637
  -0.0437753
   -0.393761
  -0.0898554
  -0.0436389
   -0.134333
    0.479278
 6.48721e-05
   -0.949302
   0.0511582
 -0.00824065
 0.000411073
  -0.0193064
    0.221801
    0.613751
   -0.204351
 -0.00150034
  -0.0959331
   -0.243531
  -0.0131002
    0.133751
   0.0937688
   -0.947125
   0.0879026
   0.0466381
   -0.223069
  -0.0951978
    0.650381
   0.0160153
    0.614294
    0.538216
    0.472571
    0.070342
   0.0168002
   0.0724667
    0.238955
  0.00169262
  0.00564937
  -0.0973064
    0.725676
    0.023531
 -0.00122413
    0.193057
    0.893882
   -0.926657
  0.00696656
    0.189021
 0.000661159
-0.000634258
  0.00628988
   0.0174078
  0.00370915
   0.0330473
   -0.904984
 -0.00382342
   0.0193879
  -0.0974805
 0.000138984
    0.190383
  0.00469735
   -0.551051
   -0.486832
  0.00385203
   -0.908079
   0.0165238
 -0.00165799
    0.644074
 -0.00254852
  -0.0252369
   0.0926297
   -0.617285
   0.0944387
   -0.457321
-0.000950992
    0.331718
 -0.00178548
  -0.0911964
   0.0520388
   -0.003659
   -0.301037
    0.377137
    0.213679
    0.054951
  0.00046423
 -0.00275231
  0.00644263
 -0.00158157
  0.00709959
  -0.0523074
   -0.126754
    0.244506
  -0.0144523
  -0.0010777
   -0.747794
   -0.414846
   0.0744502
   -0.347702
    0.219409
  0.00358005
    0.120122
   -0.643383
 1.08654e-05
   -0.192464
    0.272461
 -0.00268168
  -0.0228477
  -0.0126586
  -0.0968327
   -0.201991
   -0.102224
  -0.0248124
   0.0977237
  -0.0292987
   -0.946704
    0.520592
    0.296783
  -0.0128212
   -0.010465
   -0.297727
    0.377357
    0.335753
   -0.617109
    0.927466
   -0.921644
    0.427257
   -0.902237
    0.554394
    -0.12604
    0.375731
   -0.185146
  0.00442672
   0.0401134
    0.027792
 -0.00169229
  0.00709604
  0.00219817
  -0.0185522
   -0.767162
    0.182811
  0.00360644
     0.06206
  0.00605451
   -0.294492
    0.930019
 0.000182294
   -0.585596
    0.192828
  -0.0712979
  0.00193799
    0.017223
   0.0723101
  0.00519694
   0.0193864
   0.0067704
    0.416195
    0.017605
 -0.00190409
  0.00135669
    0.910351
  -0.0555582
    0.093684
   -0.189176
 -0.00434668
   -0.791214
   0.0031397
    0.810566
    0.579067
   -0.547583
  0.00563388
   -0.557688
   -0.844756
    0.233344
    0.707116
   -0.402373
  0.00480539
   -0.212855
   0.0780786
      0.0166
 -0.00348015
  -0.0675941
-0.000790975
    0.648867
    0.258997
     0.65036
    0.720973
   -0.948565
    0.760723
   -0.951032
   0.0894789
   -0.630481
    0.020161
   -0.013029
    0.732051
 -0.00537172
 0.000672189
    0.185329
-1.20799e-05
   0.0263928
-0.000388023
     0.93182
 -0.00908796
     0.27519
    0.151173
   0.0003343
  -0.0385998
   -0.770956
 -0.00171683
   -0.952186
-0.000142775
   0.0293987
  -0.0674584
    0.086348
  0.00706302