   0.0014364
  0.00103765
 0.000678871
 0.000359526
 7.79943e-05
  -0.0001672
-0.000376823
-0.000552402
-0.000695335
-0.000806622
-0.000887722
-0.000939989
-0.000964659
-0.000963159
-0.000936843
-0.000887187
-0.000815557
  -0.0007236
-0.000612806
-0.000484643
-0.000341035
-0.000183594
-1.39521e-05
 0.000165661
 0.000353427
 0.000547459
 0.000745179
 0.000944463
  0.00114306
    0.001338
  0.00152672
   0.0017065
  0.00187388
  0.00202578
  0.00215883
  0.00226908
  0.00235273
  0.00240567
  0.00242339
  0.00240131
  0.00233444
  0.00221778
   0.0020459
  0.00181296
  0.00151361
  0.00114135
 0.000690901
 0.000155951
-0.000470013
 -0.00119127
 -0.00201353
 -0.00294092
 -0.00397586
 -0.00511927
 -0.00636878
 -0.00771842
  -0.0091568
  -0.0106648
  -0.0122143
  -0.0137642
  -0.0152586
  -0.0166225
  -0.0177598
  -0.0185508
  -0.0188522
   -0.018499
  -0.0173109
  -0.0151021
  -0.0116983
 -0.00695602
-0.000792025
  0.00679181
   0.0156766
   0.0256135
   0.0362228
   0.0470165
   0.0574628
   0.0670549
   0.0753982
   0.0822489
   0.0875046
   0.0911089
   0.0929235
   0.0926172
   0.0896523
   0.0833849
   0.0732425
   0.0588808
    0.040277
   0.0177073
 -0.00831175
    -0.03713
  -0.0680317
   -0.100265
   -0.133068
   -0.165627
   -0.197071
   -0.226421
   -0.252596
   -0.274402
   -0.290578
   -0.299857
   -0.301042
   -0.293125
   -0.275385
   -0.247472
    -0.20947
   -0.161873
   -0.105571
  -0.0417403
     0.02823
    0.102762
    0.180161
    0.258537
    0.335848
    0.409832
    0.478093
    0.538122
    0.587448
    0.623742
    0.644948
    0.649429
    0.636065
    0.604335
    0.554358
    0.486838
     0.40303
    0.304617
    0.193661
   0.0726376
  -0.0556213
   -0.187818
   -0.320326
   -0.449198
   -0.570445
   -0.680142
   -0.774751
   -0.851294
   -0.907444
   -0.941515
   -0.952255
   -0.938767
   -0.900574
   -0.837878
   -0.751846
   -0.644757
   -0.519879
   -0.381112
    -0.23257
  -0.0782651
   0.0779616
    0.232338
    0.380983
    0.519844
    0.644806
    0.752004
    0.838197
    0.901062
    0.939319
    0.952656
     0.94155
    0.907058
    0.850693
    0.774334
    0.680282
    0.571266
    0.450479
    0.321598
    0.188574
    0.055542
  -0.0735289
   -0.194966
   -0.305677
    -0.40316
   -0.485593
   -0.551743
   -0.600867
   -0.632651
   -0.647106
   -0.644552
    -0.62562
   -0.591298
   -0.543014
   -0.482677
   -0.412689
   -0.335906
   -0.255414
    -0.17435
  -0.0955629
  -0.0214435
   0.0462782
    0.106496
    0.158688
    0.202727
     0.23868
    0.266666
    0.286695
    0.298654
    0.302325
    0.297536
     0.28435
    0.263272
    0.235374
    0.202289
    0.165998
    0.128567
   0.0918438
   0.0573107
   0.0260141
 -0.00137415
  -0.0245138
  -0.0433222
  -0.0579167
  -0.0685772
  -0.0756861
  -0.0796933
  -0.0810703
  -0.0802834
  -0.0777708
  -0.0739285
  -0.0691041
  -0.0635966
  -0.0576553
  -0.0514872
  -0.0452576
  -0.0390996
  -0.0331148
  -0.0273823
  -0.0219586
  -0.0168837
  -0.0121851
 -0.00787723
 -0.00396723
-0.000453629
  0.00266919
  0.00541246
  0.00778954
  0.00981706
   0.0115132
   0.0128971
   0.0139888
   0.0148087
   0.0153774
   0.0157152
   0.0158423
   0.0157783
   0.0155422
   0.0151526
   0.0146271
   0.0139827
   0.0132357
   0.0124018
   0.0114942
   0.0105287
  0.00951726
  0.00847108
  0.00740361
  0.00632334
  0.00524231
  0.00416856
  0.00310949
  0.00207495
  0.00107097
 0.000103048
-0.000821028
 -0.00169698
 -0.00252088
  -0.0032869
  -0.0039922
 -0.00463418
 -0.00520879
 -0.00571438
  -0.0061494
 -0.00651142
 -0.00679969
  -0.0070135
 -0.00715186
 -0.00721471
 -0.00720197
 -0.00711387
 -0.00695087
 -0.00671334
 -0.00640256
 -0.00601933
 -0.00556429
 -0.00503964
 -0.00444573
 -0.00378526
 -0.00305927
 -0.00226862
 -0.00141666
-0.000504428
 0.000467192
  0.00149436
  0.00257609
  0.00371157
  0.00489657
   0.0061302
   0.0074118
  0.00873682