-9.46784e-06
-0.000188409
-0.000341337
-0.000468421
-0.000570378
-0.000647901
-0.000701547
-0.000732191
-0.000740701
-0.000728007
-0.000695158
-0.000643197
-0.000573414
-0.000487026
-0.000385261
-0.000269734
-0.000141698
-2.96225e-06
 0.000144975
 0.000300584
 0.000461804
 0.000626973
 0.000794385
 0.000961774
  0.00112732
  0.00128913
  0.00144478
  0.00159228
  0.00172956
  0.00185406
  0.00196361
   0.0020559
  0.00212829
  0.00217837
  0.00220355
  0.00220112
  0.00216834
  0.00210229
  0.00200015
  0.00185882
  0.00167493
  0.00144557
   0.0011672
 0.000835992
 0.000449056
 2.01409e-06
-0.000507833
  -0.0010844
 -0.00173169
 -0.00245136
 -0.00324659
 -0.00411898
  -0.0050686
 -0.00609422
 -0.00719181
  -0.0083544
 -0.00957072
  -0.0108235
  -0.0120886
  -0.0133322
  -0.0145095
  -0.0155611
  -0.0164117
  -0.0169665
  -0.0171106
  -0.0167082
  -0.0156048
  -0.0136328
  -0.0106228
 -0.00641788
-0.000898499
  0.00599511
   0.0142313
   0.0236687
   0.0340439
   0.0449716
   0.0559761
   0.0665203
   0.0760604
   0.0840815
   0.0901382
    0.093865
   0.0949822
   0.0932806
   0.0886033
   0.0808234
   0.0698324
   0.0555305
   0.0378443
   0.0167424
 -0.00770939
  -0.0353098
  -0.0656619
  -0.0981175
   -0.131782
    -0.16552
   -0.198064
   -0.228111
    -0.25445
   -0.275947
   -0.291496
   -0.299962
   -0.300265
    -0.29156
   -0.273367
    -0.24557
   -0.208333
   -0.161988
   -0.107037
  -0.0441788
     0.02557
    0.100748
    0.179452
    0.259328
    0.337778
    0.412108
    0.479791
    0.538545
    0.586416
    0.621694
      0.6428
    0.648213
    0.636455
    0.606252
    0.556875
    0.488553
    0.402821
    0.302354
    0.190366
   0.0699013
  -0.0565667
   -0.186726
   -0.317926
    -0.44669
   -0.568894
    -0.68009
   -0.776138
   -0.853576
   -0.909796
   -0.943085
   -0.952449
     -0.9375
   -0.898355
   -0.835643
   -0.750569
    -0.64501
   -0.521549
    -0.38345
   -0.234533
  -0.0789851
   0.0788012
    0.234388
    0.383402
    0.521656
     0.64528
      0.7509
    0.835789
    0.898022
    0.936575
    0.951282
    0.942512
    0.910619
    0.855747
    0.778521
    0.681289
     0.56846
    0.445452
    0.317106
    0.186793
   0.0569112
  -0.0702721
   -0.191848
   -0.304365
   -0.404263
   -0.488609
   -0.555486
   -0.604029
   -0.634259
   -0.646743
   -0.642377
   -0.622252
   -0.587632
   -0.540015
   -0.481172
   -0.413181
   -0.338432
   -0.259497
    -0.17907
  -0.0997651
  -0.0240272
   0.0460604
    0.108823
    0.163105
    0.208246
    0.244017
     0.27054
    0.288141
    0.297245
    0.298283
    0.291678
     0.27789
    0.257513
    0.231393
    0.200711
    0.166949
    0.131787
   0.0968677
   0.0636123
   0.0330407
  0.00575417
  -0.0180318
  -0.0383593
  -0.0553883
  -0.0692967
  -0.0801956
  -0.0881188
  -0.0930374
  -0.0949219
  -0.0938069
  -0.0898552
  -0.0833908
  -0.0748981
  -0.0649745
  -0.0542683
  -0.0433971
  -0.0328942
  -0.0231632
  -0.0144753
 -0.00697237
-0.000693099
  0.00439846
  0.00839084
   0.0113992
   0.0135519
   0.0149768
   0.0157957
   0.0161189
   0.0160442
   0.0156565
   0.0150279
   0.0142192
    0.013281
   0.0122547
   0.0111746
   0.0100678
  0.00895664
  0.00785835
  0.00678648
  0.00575177
  0.00476192
  0.00382304
   0.0029392
  0.00211209
  0.00134493
 0.000637521
-1.08373e-05
-0.000599501
 -0.00113075
 -0.00160498
 -0.00202446
 -0.00239147
 -0.00270733
 -0.00297459
 -0.00319567
 -0.00337239
 -0.00350726
 -0.00360258
 -0.00366041
 -0.00368302
 -0.00367254
 -0.00363106
  -0.0035606
   -0.003463
 -0.00334035
 -0.00319438
 -0.00302666
  -0.0028392
 -0.00263345
 -0.00241072
 -0.00217293
 -0.00192127
 -0.00165681
 -0.00138136
 -0.00109588
-0.000801231
-0.000499103
-0.000189942
 0.000124643
 0.000444013
   0.0007676
  0.00109391
  0.00142247
  0.00175285
  0.00208367
  0.00241459
   0.0027453
  0.00307455
  0.00340209
  0.00372772
  0.00405029