-0.000341414
-0.000325663
-0.000309027
-0.000291477
-0.000272931
-0.000253299
 -0.00023254
-0.000210551
-0.000187218
-0.000162485
-0.000136221
-0.000108279
-7.85838e-05
-4.69667e-05
-1.32376e-05
 2.27063e-05
 6.11236e-05
 0.000102142
 0.000146023
 0.000193061
 0.000243432
 0.000297481
 0.000355595
 0.000418018
 0.000485205
 0.000557669
 0.000635749
  0.00072005
 0.000811255
 0.000909834
   0.0010166
  0.00113245
  0.00125806
  0.00139449
  0.00154298
  0.00170442
  0.00188026
  0.00207214
  0.00228128
  0.00250963
  0.00275937
  0.00303215
  0.00333054
  0.00365746
  0.00401507
  0.00440717
  0.00483635
  0.00530664
  0.00582257
  0.00638742
  0.00700648
  0.00768481
  0.00842765
  0.00924093
   0.0101307
   0.0111036
   0.0121667
   0.0133272
   0.0145931
   0.0159723
   0.0174735
   0.0191052
   0.0208769
   0.0227977
   0.0248773
   0.0271259
   0.0295532
   0.0321698
   0.0349856
   0.0380117
    0.041258
   0.0447357
   0.0484549
   0.0524264
   0.0566613
   0.0611694
   0.0659623
   0.0710494
   0.0764422
   0.0821501
   0.0881845
   0.0945544
     0.10127
    0.108343
     0.11578
    0.123594
    0.131791
    0.140381
    0.149373
    0.158774
    0.168592
    0.178833
    0.189505
    0.200611
    0.212158
    0.224148
    0.236586
    0.249471
    0.262806
    0.276588
    0.290818
    0.305492
    0.320603
    0.336147
    0.352112
    0.368491
    0.385267
    0.402425
    0.419944
    0.437801
    0.455971
    0.474418
     0.49311
       0.512
    0.531049
    0.550204
    0.569418
    0.588635
    0.607808
    0.626896
    0.645858
     0.66467
    0.683313
    0.701783
    0.720073
    0.738186
    0.756111
     0.77383
     0.79131
    0.808494
    0.825317
    0.841694
    0.857542
    0.872767
     0.88729
    0.901032
    0.913932
    0.925942
    0.937024
    0.947159
    0.956335
    0.964552
     0.97182
    0.978149
    0.983557
     0.98806
    0.991671
    0.994405
    0.996267
    0.997263
    0.997389
    0.996639
    0.995002
    0.992463
    0.989006
    0.984614
     0.97927
    0.972961
    0.965678
    0.957418
    0.948186
    0.937992
    0.926861
    0.914819
    0.901907
    0.888171
    0.873663
    0.858442
     0.84257
    0.826115
     0.80914
    0.791714
    0.773899
     0.75576
    0.737356
    0.718738
    0.699961
    0.681068
    0.662105
    0.643106
    0.624107
    0.605137
    0.586225
    0.567395
    0.548666
    0.530064
    0.511605
     0.49331
    0.475194
    0.457279
    0.439577
    0.422112
    0.404897
     0.38795
    0.371292
    0.354938
    0.338909
     0.32322
    0.307891
    0.292935
    0.278373
    0.264216
    0.250478
    0.237173
    0.224309
    0.211898
    0.199945
    0.188456
    0.177433
    0.166879
    0.156791
    0.147167
    0.138003
     0.12929
    0.121023
     0.11319
    0.105782
   0.0987846
    0.092187
   0.0859741
   0.0801308
   0.0746432
   0.0694947
   0.0646707
   0.0601546
   0.0559317
   0.0519856
    0.048302
   0.0448655
   0.0416614
   0.0386764
   0.0358964
    0.033309
   0.0309014
   0.0286621
   0.0265796
   0.0246437
   0.0228441
   0.0211712
   0.0196165
   0.0181713
   0.0168281
   0.0155793
   0.0144183
   0.0133385
   0.0123342
   0.0113998
   0.0105301
  0.00972041
  0.00896627
  0.00826376
  0.00760907
  0.00699796
  0.00642839
  0.00589675
  0.00539977
  0.00493588
  0.00450178
  0.00409614
  0.00371649
  0.00336063
  0.00302752
  0.00271521
  0.00242195
  0.00214695
  0.00188865
  0.00164566
  0.00141738
  0.00120256
   0.0010001
 0.000809543
 0.000629892
 0.000460255
 0.000300294
 0.000149208
  6.2778e-06
-0.000128749
-0.000256519
-0.000377613
-0.000492219
-0.000600862
-0.000704013
-0.000801811
-0.000894684
-0.000983016
 -0.00106691
 -0.00114679
 -0.00122275
 -0.00129508
 -0.00136407
 -0.00142977
 -0.00149244
 -0.00155231
 -0.00160942
 -0.00166398
 -0.00171618
 -0.00176605
 -0.00181376
 -0.00185948
 -0.00190322
