 0.000457642
 0.000414133
 0.000371576
 0.000330175
 0.000290015
 0.000251197
 0.000213947
 0.000178384
 0.000144651
 0.000112999
 8.35958e-05
 5.66317e-05
 3.23939e-05
 1.11055e-05
-6.97894e-06
-2.15313e-05
-3.22654e-05
-3.88206e-05
-4.08443e-05
-3.79371e-05
-2.96801e-05
-1.56157e-05
 4.77286e-06
 3.19768e-05
  6.6586e-05
 0.000109265
 0.000160594
  0.00022133
 0.000292322
 0.000374265
 0.000468121
 0.000574975
 0.000695658
 0.000831399
 0.000983571
  0.00115318
  0.00134179
  0.00155112
  0.00178242
  0.00203764
  0.00231898
  0.00262793
  0.00296696
  0.00333885
  0.00374541
   0.0041902
  0.00467532
  0.00520436
  0.00578135
  0.00640881
  0.00709137
  0.00783332
  0.00863895
  0.00951331
   0.0104614
   0.0114889
   0.0126017
   0.0138061
    0.015109
   0.0165172
   0.0180387
   0.0196811
   0.0214533
   0.0233639
   0.0254224
    0.027639
   0.0300236
   0.0325874
   0.0353411
   0.0382968
   0.0414659
   0.0448614
    0.048495
   0.0523799
   0.0565292
   0.0609551
   0.0656715
   0.0706899
   0.0760241
   0.0816851
   0.0876859
   0.0940366
    0.100748
    0.107832
    0.115295
    0.123149
    0.131398
    0.140051
    0.149114
    0.158594
    0.168492
    0.178816
    0.189569
    0.200753
    0.212373
    0.224429
    0.236926
    0.249862
    0.263241
     0.27706
    0.291317
    0.306012
    0.321135
    0.336682
    0.352638
    0.368993
    0.385727
    0.402822
    0.420252
    0.437993
    0.456018
    0.474295
    0.492797
     0.51149
    0.530347
    0.549336
     0.56843
    0.587595
    0.606805
    0.626027
    0.645222
    0.664357
    0.683383
     0.70226
    0.720935
    0.739359
    0.757479
    0.775245
    0.792611
    0.809527
    0.825955
     0.84185
    0.857181
    0.871909
    0.886006
    0.899435
    0.912166
    0.924169
    0.935408
    0.945853
    0.955468
    0.964223
    0.972085
    0.979026
    0.985019
    0.990039
    0.994069
    0.997093
    0.999099
     1.00008
     1.00004
    0.998984
    0.996911
    0.993836
    0.989773
     0.98474
    0.978755
    0.971842
    0.964022
    0.955321
    0.945765
    0.935379
    0.924194
    0.912236
    0.899538
    0.886129
    0.872041
     0.85731
    0.841969
    0.826059
    0.809615
    0.792683
    0.775302
    0.757521
    0.739385
    0.720941
     0.70224
    0.683328
    0.664257
    0.645073
    0.625823
     0.60655
    0.587297
    0.568103
       0.549
    0.530025
    0.511206
    0.492572
    0.474147
    0.455957
    0.438023
    0.420369
    0.403013
    0.385976
    0.369279
    0.352936
     0.33697
    0.321391
    0.306218
     0.29146
    0.277131
    0.263237
    0.249784
    0.236779
    0.224222
    0.212117
     0.20046
    0.189253
     0.17849
    0.168169
    0.158283
    0.148827
    0.139795
    0.131178
    0.122969
    0.115159
    0.107739
    0.100698
    0.094027
   0.0877144
    0.081748
   0.0761174
   0.0708091
   0.0658119
   0.0611122
   0.0566982
   0.0525565
   0.0486752
   0.0450412
    0.041642
   0.0384659
   0.0355006
   0.0327349
   0.0301573
   0.0277572
   0.0255239
   0.0234478
   0.0215191
   0.0197285
   0.0180675
   0.0165277
   0.0151015
   0.0137811
     0.01256
   0.0114311
   0.0103886
  0.00942643
  0.00853906
  0.00772151
  0.00696879
  0.00627661
   0.0056407
  0.00505642
  0.00452125
  0.00403114
  0.00358246
   0.0031731
  0.00279945
  0.00245966
  0.00215093
  0.00187073
  0.00161752
  0.00138907
  0.00118335
 0.000999108
 0.000834543
 0.000688062
 0.000558602
 0.000444746
 0.000345232
 0.000259168
 0.000185438
 0.000123043
 7.12357e-05
 2.91359e-05
-4.03866e-06
-2.89227e-05
 -4.6204e-05
-5.64939e-05
-6.03336e-05
-5.82582e-05
 -5.0742e-05
-3.82501e-05
-2.11954e-05
 5.71184e-08
 2.51046e-05
 5.36618e-05
 8.53607e-05
  0.00011994
  0.00015717
 0.000196728
 0.000238419
 0.000282073
 0.000327405
 0.000374274
 0.000422556
 0.000471998
 0.000522501
 0.000573979
 0.000626204