-0.000580779
-0.000556692
-0.000531419
-0.000504951
-0.000477202
-0.000448078
 -0.00041757
-0.000385577
-0.000351993
-0.000316807
-0.000279906
-0.000241167
-0.000200582
-0.000158022
-0.000113351
-6.65634e-05
-1.74689e-05
 3.39321e-05
 8.77852e-05
 0.000144245
 0.000203294
 0.000265079
 0.000329749
  0.00039725
 0.000467707
 0.000541236
 0.000617708
 0.000697179
 0.000779672
 0.000864906
 0.000952773
  0.00104308
  0.00113524
  0.00122878
  0.00132304
  0.00141682
  0.00150889
  0.00159759
  0.00168051
  0.00175483
  0.00181689
  0.00186179
  0.00188354
  0.00187445
  0.00182484
  0.00172246
  0.00155244
  0.00129619
 0.000930845
 0.000430489
-0.000236044
 -0.00110283
 -0.00220477
 -0.00357445
 -0.00523467
 -0.00718975
  -0.0094128
  -0.0118313
  -0.0143179
   -0.016687
  -0.0187122
  -0.0201622
   -0.020856
  -0.0207141
  -0.0197759
  -0.0181556
  -0.0159408
  -0.0130856
 -0.00938956
 -0.00460013
  0.00141973
  0.00860435
   0.0167254
   0.0255164
   0.0347669
   0.0443439
   0.0541562
    0.064064
   0.0737786
   0.0827419
   0.0900639
    0.094606
   0.0953969
   0.0923267
   0.0864714
   0.0791256
   0.0702036
   0.0581225
   0.0413595
   0.0195957
 -0.00643204
  -0.0356481
   -0.067083
  -0.0999266
   -0.133425
   -0.166718
   -0.198802
   -0.228511
   -0.254606
   -0.275829
   -0.291007
   -0.299094
   -0.299205
    -0.29064
   -0.272895
   -0.245661
   -0.208869
   -0.162692
   -0.107622
  -0.0444802
   0.0255423
    0.100846
    0.179499
    0.259237
    0.337616
    0.412071
    0.480091
    0.539264
    0.587405
    0.622565
    0.643054
    0.647467
    0.634692
    0.603976
    0.555026
    0.488119
    0.404249
    0.305142
    0.193205
    0.071402
  -0.0570434
   -0.188734
   -0.320284
   -0.448213
   -0.569004
    -0.67901
   -0.774633
   -0.852485
   -0.909616
   -0.943788
   -0.953572
   -0.938418
   -0.898588
   -0.835076
   -0.749487
   -0.643951
   -0.521042
   -0.383755
   -0.235517
  -0.0801951
   0.0779188
    0.234224
    0.384022
    0.522805
     0.64654
    0.751893
    0.836333
    0.898127
    0.936267
    0.950363
    0.940562
    0.907494
    0.852289
    0.776586
    0.682614
    0.573171
    0.451614
    0.321805
    0.187862
   0.0540436
  -0.0755987
   -0.197343
    -0.30807
   -0.405265
   -0.487118
   -0.552436
   -0.600555
   -0.631283
   -0.644787
   -0.641571
   -0.622444
   -0.588531
   -0.541305
   -0.482587
   -0.414532
   -0.339609
   -0.260449
   -0.179776
   -0.100197
  -0.0241207
   0.0464098
    0.109733
    0.164641
    0.210349
    0.246439
    0.272848
    0.289775
    0.297659
    0.297119
    0.288928
    0.273983
    0.253276
    0.227869
    0.198877
    0.167416
    0.134595
    0.101457
   0.0689735
   0.0379933
   0.0092531
  -0.0166558
  -0.0392787
  -0.0582897
  -0.0735008
  -0.0848407
  -0.0923594
  -0.0962134
  -0.0966646
  -0.0940678
  -0.0888593
  -0.0815382
  -0.0726456
  -0.0627317
  -0.0523315
  -0.0419282
   -0.031936
  -0.0226757
  -0.0143753
 -0.00716623
 -0.00109666
  0.00385113
  0.00774706
   0.0106918
   0.0128045
   0.0142087
   0.0150247
   0.0153633
   0.0153233
   0.0149898
   0.0144347
   0.0137172
   0.0128859
   0.0119795
   0.0110289
   0.0100581
  0.00908612
  0.00812702
  0.00719156
  0.00628793
  0.00542174
  0.00459731
  0.00381733
  0.00308255
  0.00239526
   0.0017549
  0.00116061
 0.000612921
 0.000109795
-0.000348903
-0.000764978
 -0.00114017
 -0.00147519
 -0.00177192
 -0.00203211
 -0.00225677
 -0.00244767
 -0.00260643
 -0.00273419
 -0.00283255
 -0.00290295
 -0.00294658
 -0.00296482
 -0.00295892
 -0.00293009
 -0.00287951
 -0.00280821
 -0.00271741
 -0.00260808
 -0.00248107
  -0.0023376
 -0.00217845
 -0.00200431
 -0.00181636
 -0.00161523
 -0.00140146
  -0.0011762
-0.000939703
-0.000693102
  -0.0004368
-0.000171131
 0.000102799
 0.000384699
 0.000674338
 0.000970638
  0.00127341
   0.0015825
  0.00189687
  0.00221641
  0.00254105
  0.00286978